100004
100206
100307
100408
100610
101006
101107
101309
101410
101612
101915
102008
102311
102513
102816
103111
103414
103515
103818
104012
104113
104416
104820
105014
105115
105216
105620
105923
106016
106218
106319
106521
107018
107119
107220
107321
107422
107523
107725
108121
108222
108323
108525
108828
109123
109325
109830
110007
110411
110613
111009
111312
111413
111514
111716
112112
112314
112516
112819
112920
113215
113619
113821
113922
114217
114318
114419
114621
114823
114924
115017
115219
115320
115825
116120
116221
116322
116524
116726
117122
117324
117930
118023
118124
118225
118528
118730
118932
119126
119732
119833
120111
120212
120515
120717
121315
121416