210415
210617
211114
211215
211316
211417
211518
211720
211922
212015
212116
212217
212318
212419
212823
212924
213421
214019
214221
214423
214524
214625
214726
217126
217429
218128
220721
221218
221319
223929
224022
227432
228434
230926
231928
233326
235128
236130
237334
239944
245333
246133
248339
249947
250427
250932
251833
255639
256540
257542
257845
263032
263436
268749
268850
270332
275645
280739
280941
283543
284646
285345
285446
286650
287248
289555
290136
293748
295146
297655
298051
298455
299154
300618
303119
303624
304020
304727
305830
307127
308129
308331
309636
310621
311320
316633
316835
317332
318637
320826
321323
322224
329440
330324
333330
334635
336841