665254
667056
668361
671855
672756
673455
677766
677968
679568
679770
680250
680957
683256
685058
686969
687062
687163
689369
690152
693461
693764
695768
696063
700634
702133
704238
705341
706040
707244
707749
709551
713239
715041
715647
715950
720337
724446
725751
727553
727654
729254
729557
731140
732243
733548
734045
734247
735148
737960
742549
743248
744553
745555
748056
748258
748662
749058
749361
751348
751550
753150
753251
756055
759869
761957
765056
766563
767464
769064
770352
771354
773257
779370
782157
782561
783462
784565
786569
788876
789373
792564
792766
792867
793465
800941
802844
803240
810439
810843
812746
814649
816653
816855
818859
820745
822850
825048