529953
530635
531536
536647
540436
541943
545345
547046
548250
549757
550035
551138
552544
553344
555348
555651
557857
559053
561242
561444
562345
562446
564046
565452
566454
567052
567961
568963
569864
570243
571043
571144
571548
572045
573249
573451
574958
576255
579665
579867
580044
580347
580650
580751
581349
581450
583858
584355
585256
585862
586460
587664
588565
592455
594156
597869
598568
599065
599469
599671
601127
604537
609143
611231
611938
613235
613538
614439
615744
616645
617748
618952
620434
622236
623844
626648
627549
627852
628248
632845
633847
638049
644044
645450
645551
646048
647858
650746
654350
654754
656253
656657
657659
660951
662551
663755
664757