121618
121719
121820
121921
122317
122519
122620
122822
123117
123420
123521
123824
123925
124220
124321
124422
124624
124826
125525
126325
126628
126931
127327
127630
127933
128026
128127
128329
128632
128935
129028
129129
129331
129432
129533
129634
129937
130013
130316
130417
130619
130821
130922
131217
131419
131621
131722
131823
131924
132017
132118
132320
133019
133221
133625
133726
133827
133928
134021
134223
134324
134425
134728
134829
135225
135427
135528
135730
135932
136227
136732
136833
137027
137128
137229
137633
137936
138231
138534
138837
139233
139637
139839
140117
140319
140420
140723
140824
140925
141119
141422
141624
141826
142424
142828
143325
143426