164030
164131
164636
164939
165032
165234
165638
165840
166438
166640
167036
167238
167743
168038
168139
168240
168341
168745
169040
169141
169343
169444
169747
169949
170631
170934
171330
171431
171532
171633
172029
172130
172332
172433
172534
172938
173132
173233
173334
173435
173536
173637
173738
173839
173940
174437
174841
175035
175237
175338
175439
175540
175742
175944
176037
176239
176441
176542
176744
177241
177342
177645
177746
178142
178243
178647
178748
178849
178950
179043
179245
179346
179548
179952
180129
180432
180735
180836
180937
181131
181232
181636
182032
182436
182739
182840
183034
183337
185139
185341
185442
185846
185947
186141
186242
186444
187143