187345
187547
187850
188246
188347
188448
188549
188751
189349
189450
190031
190132
191033
191336
191437
191639
191841
191942
192035
192136
192439
192540
192641
192843
193239
193441
194140
194645
194746
194847
194948
195041
195445
195647
195849
195950
196144
196346
196548
196750
197348
197449
197550
197651
197954
198249
198350
198451
198653
198855
199150
199251
199453
199655
199958
200008
200109
200210
200311
200614
200917
201111
201414
201515
201717
201818
202113
202719
203418
203721
203923
204016
204117
204319
204420
204521
204622
205119
205220
205725
205826
206222
207123
207426
207628
208024
208125
208226
208327
208428
208832
209127
209228
209329
209834
209935
210011