825351
826353
826454
833148
833249
835657
837560
837863
837964
841349
843151
844961
845458
849264
849971
852455
856463
856766
856968
857263
859671
861456
865363
867468
870861
871762
871964
872158
872562
872764
873968
876873
877168
877269
878574
878776
880157
882161
884973
885975
887373
889579
891667
894067
894673
894774
896778
896879
898176
899885
901038
901139
901442
904044
907656
910241
910443
912447
912548
917255
917558
919158
919966
922854
923755
926862
927359
930449
932554
937160
940553
942658
946666
947668
951457
952863
953764
955465
957974
958976
959574
965367
965771
966975
972566
978578
979984
983773
984472
987983
990366
991267
992673
992774
993675
994273
996782