339847
341834
341935
346137
346945
348545
351938
352132
352738
353740
354439
354944
355239
355542
356948
358144
361234
361941
365343
366042
366446
370740
371843
373039
377451
378857
379657
380036
381038
381543
382242
382545
385450
386250
387959
389357
390645
391748
393247
393550
395251
395756
395958
397154
397760
397861
398964
403628
406432
406836
412528
414229
415837
422632
424939
429040
432332
433839
436239
436845
441939
445543
446545
448347
449753
453441
456346
459453
465852
467351
473952
475855
479762
480141
481143
481951
485757
486759
492754
495255
497764
497865
499566
500222
506234
510326
512835
513736
517239
519950
520228
521331
522434
523032
524135
525541
529549